2  2 5 8 2 5 8 2 2 2 2 2 2 5 5 5 5 5 5 8 8 8 8 8 8 5 8
3  1 3 6 1 3 6 1 1 1 1 1 1 3 3 3 3 3 3 6 6 6 6 6 6 3 6
4  3 3 9 3 3 9 2 3 3 3 3 3 3 3 3 3 3 3 9 9 9 9 9 9 3 9
5  0 3 5 0 3 5 1 0 1 3 0 1 3 3 3 3 3 3 5 5 5 5 5 5 3 5
6  2 4 7 2 4 7 2 2 2 2 2 2 4 5 4 4 5 4 7 7 7 7 7 7 5 7
7  2 5 1 2 5 10 2 2 2 2 2 2 5 5 5 5 5 5 10 10 10 10 10 10 5 10
8  1 4 1 1 4 10 1 1 0 1 1 0 4 4 4 4 4 4 10 10 10 10 10 10 4 10
9  3 5 8 3 5 8 3 3 3 3 3 3 5 5 5 5 5 5 8 8 8 8 8 8 5 8
10  3 4 9 3 4 9 3 3 3 3 3 3 4 4 4 4 4 4 9 9 9 9 9 9 4 9
11  3 3 5 3 3 5 3 3 3 0 3 3 3 3 3 3 3 3 5 5 5 5 5 5 3 5
12  2 5 5 2 5 5 2 2 2 2 2 2 5 4 5 5 4 5 5 5 5 5 5 5 4 5
13  3 4 8 3 4 8 3 3 3 3 3 3 4 4 4 4 4 4 8 8 8 8 8 8 4 8
14  1 4 6 1 4 6 1 1 1 1 1 1 4 3 4 4 3 4 6 6 6 6 6 6 3 6
15  1 5 9 1 5 9 1 1 1 1 1 1 5 5 5 5 5 5 9 9 9 9 9 9 5 9
16  3 3 8 3 3 8 3 3 3 3 3 3 3 4 3 3 4 3 8 8 8 8 8 8 4 8
17  2 2 2 5 2 5 2 5 10 2 5 10 2 5 10 2 5 10 2 5 10 2 5 10 5 5
18  3 3 3 3 3 3 3 3 8 3 3 8 3 3 8 3 3 8 3 3 8 3 3 8 3 3
19  2 2 2 3 2 3 2 3 8 2 3 8 2 3 8 2 3 8 2 3 8 2 3 8 3 3
20  1 1 1 3 1 3 1 3 5 1 3 5 1 3 5 1 3 5 1 3 5 1 3 5 3 3
21  0 0 0 4 0 4 0 4 6 0 4 6 0 4 6 0 4 6 0 4 6 0 4 6 4 4
22  2 2 2 5 2 5 2 5 8 2 5 8 2 5 8 2 5 8 2 5 8 2 5 8 5 5
23  3 3 3 4 3 4 3 4 9 3 4 9 3 4 9 3 4 9 3 4 9 3 4 9 4 4
24  3 3 3 5 3 5 3 5 9 3 5 9 3 5 9 3 5 9 3 5 9 3 5 9 5 5
25  1 1 1 4 1 4 1 4 5 1 4 5 1 4 5 1 4 5 1 4 5 1 4 5 4 4
26  2 2 2 3 2 3 2 3 5 2 3 5 2 3 5 2 3 5 2 3 5 2 3 5 3 3
27  0 0 0 5 0 5 0 5 8 0 5 8 0 5 8 0 5 8 0 5 8 0 5 8 5 5
28  3 3 3 4 3 4 3 4 8 3 4 8 3 4 8 3 4 8 3 4 8 3 4 8 4 3
29  3 3 3 4 3 4 3 4 9 3 4 9 3 4 9 3 4 9 3 4 9 3 4 9 4 4
30  3 3 3 5 3 5 3 5 7 3 5 7 3 5 7 3 5 7 3 5 7 3 5 7 5 5
31  2 2 2 3 2 3 2 3 7 2 3 7 2 3 7 2 3 7 2 3 7 2 3 7 3 4
32  2 2 2 3 2 3 2 3 8 2 3 8 2 3 8 2 3 8 2 3 8 2 3 8 3 3
33  2 2 2 3 2 3 2 3 5 2 3 5 2 3 5 2 3 5 2 3 5 2 3 5 3 3
34  2 2 2 4 2 4 2 4 10 2 4 10 2 4 10 2 4 10 2 4 10 2 4 10 4 4
35  2 2 2 4 2 4 2 4 9 2 4 9 2 4 9 2 4 9 2 4 9 2 4 9 4 4
36  3 3 3 5 3 5 3 5 7 3 5 7 3 5 7 3 5 7 3 5 7 3 5 7 5 5
37  1 1 1 5 1 5 1 5 8 1 5 8 1 5 8 1 5 8 1 5 8 1 5 8 5 5
38  1 1 1 5 1 5 1 5 6 1 5 6 1 5 6 1 5 6 1 5 6 1 5 6 5 5
39  2 2 2 3 2 3 2 3 6 2 3 6 2 3 6 2 3 6 2 3 6 2 3 6 3 3
40  3 3 3 4 3 4 3 4 9 3 4 9 3 4 9 3 4 9 3 4 9 3 4 9 4 4
41  2 2 2 4 2 4 2 4 8 2 4 8 2 4 8 2 4 8 2 4 8 2 4 8 4 4
42  3 1 1 3 3 1 5 5 5 5 5 8 5 5 5 5 5 5 5 5 5 5 8 5 15 20
43  3 0 0 3 3 0 3 3 3 6 6 6 3 6 3 6 6 6 3 3 3 6 6 6 13 13
44  1 1 1 1 1 1 4 4 4 7 7 7 4 7 4 7 7 7 4 4 4 7 7 7 17 17
45  2 1 1 2 2 1 4 4 4 8 8 10 4 8 4 8 8 8 4 4 4 8 10 8 20 16
46  2 0 0 2 2 0 4 4 4 9 9 9 4 9 4 9 9 9 4 4 4 9 9 9 14 14
47  1 0 0 1 1 0 3 3 3 10 10 8 3 10 3 10 10 10 3 3 3 10 8 10 18 17
48  2 1 1 2 2 1 3 3 3 8 8 8 3 8 3 8 8 8 3 3 3 8 8 8 16 16
49  2 0 0 2 2 0 5 5 5 7 7 7 5 7 5 7 7 7 5 5 5 7 7 7 10 10
50  2 1 1 2 2 1 5 5 5 8 8 8 5 8 5 8 8 8 5 5 5 8 8 8 12 12
51  2 0 0 2 2 1 5 5 5 10 10 8 5 4 5 10 8 10 5 4 5 10 8 10 14 14
52  3 1 1 3 3 0 3 4 4 8 8 8 4 4 4 8 8 8 4 4 4 8 8 8 14 14
53  0 1 1 0 0 1 3 5 5 8 8 8 5 5 5 8 8 8 5 5 5 8 8 8 15 15
54  3 0 0 3 3 0 3 4 4 5 5 5 4 4 4 5 5 5 4 4 4 5 5 5 17 17
55  0 1 1 0 0 1 4 3 3 5 5 5 3 4 3 5 5 5 3 4 3 5 5 5 20 20
56  2 1 1 2 2 1 5 5 5 8 8 9 5 5 5 8 9 8 5 5 5 8 9 8 12 12
57  2 1 1 2 2 1 4 4 4 9 9 9 4 4 4 9 9 9 4 4 4 9 9 9 13 13
58  1 0 0 1 1 0 5 4 4 10 10 9 4 4 4 10 9 10 4 4 4 10 9 10 11 11
59  3 0 0 3 3 0 4 5 5 5 5 7 5 5 5 5 7 5 5 5 5 5 7 5 11 11
60  3 1 1 3 3 1 3 3 3 5 5 7 3 3 3 5 7 5 3 3 3 5 7 5 20 17
61  3 0 0 3 3 0 5 5 3 8 8 8 3 3 3 8 8 8 3 3 3 8 8 8 17 16
62  2 1 1 2 2 1 4 4 3 8 8 8 3 3 3 8 8 8 3 3 3 8 8 8 10 15
63  3 0 0 3 3 0 4 4 4 9 9 9 4 4 4 9 9 9 4 4 4 9 9 9 12 11
64  1 0 0 1 1 0 5 5 4 7 7 7 4 4 4 7 7 7 4 4 4 7 7 7 18 19
65  1 1 1 1 1 1 3 3 5 7 7 7 5 5 5 7 7 7 5 5 5 7 7 7 19 18
66  3 0 0 3 3 0 3 3 5 8 8 8 5 4 5 8 8 8 5 4 5 8 8 8 16 13
67  2 1 1 2 2 1 3 3 5 5 5 5 5 5 5 5 5 5 5 5 5 5 5 5 20 14
68  3 0 0 3 3 0 4 4 3 10 10 10 3 4 3 10 10 10 3 4 3 10 10 10 14 10
69  2 1 1 2 2 1 4 4 4 9 9 9 4 4 4 9 9 9 4 4 4 9 9 9 14 20
70  1 0 0 1 1 0 5 5 5 7 7 7 5 5 5 7 7 7 5 5 5 7 7 7 15 15
71  0 0 0 0 0 0 5 5 5 8 8 8 5 5 5 8 8 8 5 5 5 8 8 8 15 15
72  2 1 1 2 2 0 5 5 5 6 6 6 5 4 5 6 6 6 5 4 5 6 6 6 12 12
73  3 0 0 3 3 1 3 3 3 6 6 6 3 3 3 6 6 6 3 3 3 6 6 6 10 10
74  3 1 1 3 3 1 4 4 4 9 9 9 4 5 4 9 9 9 4 5 4 9 9 9 16 16
75  1 0 0 1 1 0 4 4 4 8 8 8 4 4 4 8 8 8 4 4 4 8 8 8 17 17
76  2 0 0 2 2 0 5 5 5 10 10 10 5 5 5 10 10 10 5 5 5 10 10 10 16 16
77  0 1 1 0 0 1 3 3 3 8 8 8 3 3 3 8 8 8 3 3 3 8 8 8 16 16
78  3 1 1 3 3 1 3 3 3 8 8 8 3 3 3 8 8 8 3 3 3 8 8 8 13 13
79  3 0 0 3 3 0 3 3 3 5 5 5 3 3 3 5 5 5 3 3 3 5 5 5 17 17
80  3 1 0 3 3 1 4 4 4 6 6 6 4 3 4 6 6 6 4 3 4 6 6 6 20 20
81  2 0 1 2 2 0 5 5 5 8 8 10 5 5 5 8 10 8 5 5 5 8 10 8 15 15
82  2 1 1 2 2 1 4 3 3 8 8 8 3 3 3 8 8 8 3 3 3 8 8 8 10 10
83  2 0 1 2 2 0 5 3 3 8 8 8 3 3 3 8 8 8 3 3 3 8 8 8 11 11
84  2 1 0 2 2 1 4 3 3 5 5 5 3 3 3 5 5 5 3 3 3 5 5 5 12 12
85  2 0 0 2 2 0 3 3 3 5 5 5 3 5 4 5 5 5 4 5 4 5 5 5 13 13
86  3 1 0 3 3 1 5 5 5 9 9 8 5 5 5 9 8 9 5 5 5 9 8 9 14 14
87  1 0 0 1 1 0 4 4 4 9 9 9 4 4 4 9 9 9 4 4 4 9 9 9 20 20
88  1 1 1 0 0 1 4 4 4 9 9 10 4 4 4 9 10 9 4 4 4 9 10 9 19 19
89  2 0 1 2 2 0 5 5 5 7 7 5 5 5 5 7 5 7 5 5 5 7 5 7 18 18
90  3 1 1 3 3 1 3 3 3 7 7 5 3 3 3 7 5 7 3 3 3 7 5 7 20 20
91  2 0 0 2 2 0 3 3 5 8 8 8 5 5 5 8 8 8 5 5 5 8 8 8 18 18
92  3 1 1 3 3 1 3 3 4 5 5 5 4 4 4 5 5 5 4 4 4 5 5 5 10 10
93  3 0 0 3 3 0 4 4 4 10 10 10 4 4 4 10 10 10 4 4 4 10 10 10 10 10
94  1 1 1 1 1 1 4 4 4 9 9 9 4 4 4 9 9 9 4 4 4 9 9 9 10 10
95  2 1 1 2 2 1 5 5 3 6 6 6 3 3 3 6 6 6 3 3 3 6 6 6 10 10
96  1 0 0 1 1 0 5 5 3 8 8 8 3 3 3 8 8 8 3 3 3 8 8 8 10 10
97  2 0 0 2 2 0 5 5 3 6 6 6 3 3 3 6 6 6 3 3 3 6 6 6 10 10
98  2 0 0 2 2 0 3 3 4 6 6 6 4 4 4 6 6 6 4 4 4 6 6 6 10 10
99  2 1 1 3 3 1 4 4 5 10 10 10 5 5 5 10 10 10 5 5 5 10 10 10 10 10
